1	0
8	0
64	0
0	1
2	1
9	1
65	1
1	2
3	2
10	2
66	2
2	3
4	3
11	3
67	3
3	4
5	4
12	4
68	4
4	5
6	5
13	5
69	5
5	6
7	6
14	6
70	6
6	7
15	7
71	7
9	8
0	8
16	8
72	8
8	9
10	9
1	9
17	9
73	9
9	10
11	10
2	10
18	10
74	10
10	11
12	11
3	11
19	11
75	11
11	12
13	12
4	12
20	12
76	12
12	13
14	13
5	13
21	13
77	13
13	14
15	14
6	14
22	14
78	14
14	15
7	15
23	15
79	15
17	16
8	16
24	16
80	16
16	17
18	17
9	17
25	17
81	17
17	18
19	18
10	18
26	18
82	18
18	19
20	19
11	19
27	19
83	19
19	20
21	20
12	20
28	20
84	20
20	21
22	21
13	21
29	21
85	21
21	22
23	22
14	22
30	22
86	22
22	23
15	23
31	23
87	23
25	24
16	24
32	24
88	24
24	25
26	25
17	25
33	25
89	25
25	26
27	26
18	26
34	26
90	26
26	27
28	27
19	27
35	27
91	27
27	28
29	28
20	28
36	28
92	28
28	29
30	29
21	29
37	29
93	29
29	30
31	30
22	30
38	30
94	30
30	31
23	31
39	31
95	31
33	32
24	32
40	32
96	32
32	33
34	33
25	33
41	33
97	33
33	34
35	34
26	34
42	34
98	34
34	35
36	35
27	35
43	35
99	35
35	36
37	36
28	36
44	36
100	36
36	37
38	37
29	37
45	37
101	37
37	38
39	38
30	38
46	38
102	38
38	39
31	39
47	39
103	39
41	40
32	40
48	40
104	40
40	41
42	41
33	41
49	41
105	41
41	42
43	42
34	42
50	42
106	42
42	43
44	43
35	43
51	43
107	43
43	44
45	44
36	44
52	44
108	44
44	45
46	45
37	45
53	45
109	45
45	46
47	46
38	46
54	46
110	46
46	47
39	47
55	47
111	47
49	48
40	48
56	48
112	48
48	49
50	49
41	49
57	49
113	49
49	50
51	50
42	50
58	50
114	50
50	51
52	51
43	51
59	51
115	51
51	52
53	52
44	52
60	52
116	52
52	53
54	53
45	53
61	53
117	53
53	54
55	54
46	54
62	54
118	54
54	55
47	55
63	55
119	55
57	56
48	56
120	56
56	57
58	57
49	57
121	57
57	58
59	58
50	58
122	58
58	59
60	59
51	59
123	59
59	60
61	60
52	60
124	60
60	61
62	61
53	61
125	61
61	62
63	62
54	62
126	62
62	63
55	63
127	63
65	64
72	64
0	64
128	64
64	65
66	65
73	65
1	65
129	65
65	66
67	66
74	66
2	66
130	66
66	67
68	67
75	67
3	67
131	67
67	68
69	68
76	68
4	68
132	68
68	69
70	69
77	69
5	69
133	69
69	70
71	70
78	70
6	70
134	70
70	71
79	71
7	71
135	71
73	72
64	72
80	72
8	72
136	72
72	73
74	73
65	73
81	73
9	73
137	73
73	74
75	74
66	74
82	74
10	74
138	74
74	75
76	75
67	75
83	75
11	75
139	75
75	76
77	76
68	76
84	76
12	76
140	76
76	77
78	77
69	77
85	77
13	77
141	77
77	78
79	78
70	78
86	78
14	78
142	78
78	79
71	79
87	79
15	79
143	79
81	80
72	80
88	80
16	80
144	80
80	81
82	81
73	81
89	81
17	81
145	81
81	82
83	82
74	82
90	82
18	82
146	82
82	83
84	83
75	83
91	83
19	83
147	83
83	84
85	84
76	84
92	84
20	84
148	84
84	85
86	85
77	85
93	85
21	85
149	85
85	86
87	86
78	86
94	86
22	86
150	86
86	87
79	87
95	87
23	87
151	87
89	88
80	88
96	88
24	88
152	88
88	89
90	89
81	89
97	89
25	89
153	89
89	90
91	90
82	90
98	90
26	90
154	90
90	91
92	91
83	91
99	91
27	91
155	91
91	92
93	92
84	92
100	92
28	92
156	92
92	93
94	93
85	93
101	93
29	93
157	93
93	94
95	94
86	94
102	94
30	94
158	94
94	95
87	95
103	95
31	95
159	95
97	96
88	96
104	96
32	96
160	96
96	97
98	97
89	97
105	97
33	97
161	97
97	98
99	98
90	98
106	98
34	98
162	98
98	99
100	99
91	99
107	99
35	99
163	99
99	100
101	100
92	100
108	100
36	100
164	100
100	101
102	101
93	101
109	101
37	101
165	101
101	102
103	102
94	102
110	102
38	102
166	102
102	103
95	103
111	103
39	103
167	103
105	104
96	104
112	104
40	104
168	104
104	105
106	105
97	105
113	105
41	105
169	105
105	106
107	106
98	106
114	106
42	106
170	106
106	107
108	107
99	107
115	107
43	107
171	107
107	108
109	108
100	108
116	108
44	108
172	108
108	109
110	109
101	109
117	109
45	109
173	109
109	110
111	110
102	110
118	110
46	110
174	110
110	111
103	111
119	111
47	111
175	111
113	112
104	112
120	112
48	112
176	112
112	113
114	113
105	113
121	113
49	113
177	113
113	114
115	114
106	114
122	114
50	114
178	114
114	115
116	115
107	115
123	115
51	115
179	115
115	116
117	116
108	116
124	116
52	116
180	116
116	117
118	117
109	117
125	117
53	117
181	117
117	118
119	118
110	118
126	118
54	118
182	118
118	119
111	119
127	119
55	119
183	119
121	120
112	120
56	120
184	120
120	121
122	121
113	121
57	121
185	121
121	122
123	122
114	122
58	122
186	122
122	123
124	123
115	123
59	123
187	123
123	124
125	124
116	124
60	124
188	124
124	125
126	125
117	125
61	125
189	125
125	126
127	126
118	126
62	126
190	126
126	127
119	127
63	127
191	127
129	128
136	128
64	128
192	128
128	129
130	129
137	129
65	129
193	129
129	130
131	130
138	130
66	130
194	130
130	131
132	131
139	131
67	131
195	131
131	132
133	132
140	132
68	132
196	132
132	133
134	133
141	133
69	133
197	133
133	134
135	134
142	134
70	134
198	134
134	135
143	135
71	135
199	135
137	136
128	136
144	136
72	136
200	136
136	137
138	137
129	137
145	137
73	137
201	137
137	138
139	138
130	138
146	138
74	138
202	138
138	139
140	139
131	139
147	139
75	139
203	139
139	140
141	140
132	140
148	140
76	140
204	140
140	141
142	141
133	141
149	141
77	141
205	141
141	142
143	142
134	142
150	142
78	142
206	142
142	143
135	143
151	143
79	143
207	143
145	144
136	144
152	144
80	144
208	144
144	145
146	145
137	145
153	145
81	145
209	145
145	146
147	146
138	146
154	146
82	146
210	146
146	147
148	147
139	147
155	147
83	147
211	147
147	148
149	148
140	148
156	148
84	148
212	148
148	149
150	149
141	149
157	149
85	149
213	149
149	150
151	150
142	150
158	150
86	150
214	150
150	151
143	151
159	151
87	151
215	151
153	152
144	152
160	152
88	152
216	152
152	153
154	153
145	153
161	153
89	153
217	153
153	154
155	154
146	154
162	154
90	154
218	154
154	155
156	155
147	155
163	155
91	155
219	155
155	156
157	156
148	156
164	156
92	156
220	156
156	157
158	157
149	157
165	157
93	157
221	157
157	158
159	158
150	158
166	158
94	158
222	158
158	159
151	159
167	159
95	159
223	159
161	160
152	160
168	160
96	160
224	160
160	161
162	161
153	161
169	161
97	161
225	161
161	162
163	162
154	162
170	162
98	162
226	162
162	163
164	163
155	163
171	163
99	163
227	163
163	164
165	164
156	164
172	164
100	164
228	164
164	165
166	165
157	165
173	165
101	165
229	165
165	166
167	166
158	166
174	166
102	166
230	166
166	167
159	167
175	167
103	167
231	167
169	168
160	168
176	168
104	168
232	168
168	169
170	169
161	169
177	169
105	169
233	169
169	170
171	170
162	170
178	170
106	170
234	170
170	171
172	171
163	171
179	171
107	171
235	171
171	172
173	172
164	172
180	172
108	172
236	172
172	173
174	173
165	173
181	173
109	173
237	173
173	174
175	174
166	174
182	174
110	174
238	174
174	175
167	175
183	175
111	175
239	175
177	176
168	176
184	176
112	176
240	176
176	177
178	177
169	177
185	177
113	177
241	177
177	178
179	178
170	178
186	178
114	178
242	178
178	179
180	179
171	179
187	179
115	179
243	179
179	180
181	180
172	180
188	180
116	180
244	180
180	181
182	181
173	181
189	181
117	181
245	181
181	182
183	182
174	182
190	182
118	182
246	182
182	183
175	183
191	183
119	183
247	183
185	184
176	184
120	184
248	184
184	185
186	185
177	185
121	185
249	185
185	186
187	186
178	186
122	186
250	186
186	187
188	187
179	187
123	187
251	187
187	188
189	188
180	188
124	188
252	188
188	189
190	189
181	189
125	189
253	189
189	190
191	190
182	190
126	190
254	190
190	191
183	191
127	191
255	191
193	192
200	192
128	192
256	192
192	193
194	193
201	193
129	193
257	193
193	194
195	194
202	194
130	194
258	194
194	195
196	195
203	195
131	195
259	195
195	196
197	196
204	196
132	196
260	196
196	197
198	197
205	197
133	197
261	197
197	198
199	198
206	198
134	198
262	198
198	199
207	199
135	199
263	199
201	200
192	200
208	200
136	200
264	200
200	201
202	201
193	201
209	201
137	201
265	201
201	202
203	202
194	202
210	202
138	202
266	202
202	203
204	203
195	203
211	203
139	203
267	203
203	204
205	204
196	204
212	204
140	204
268	204
204	205
206	205
197	205
213	205
141	205
269	205
205	206
207	206
198	206
214	206
142	206
270	206
206	207
199	207
215	207
143	207
271	207
209	208
200	208
216	208
144	208
272	208
208	209
210	209
201	209
217	209
145	209
273	209
209	210
211	210
202	210
218	210
146	210
274	210
210	211
212	211
203	211
219	211
147	211
275	211
211	212
213	212
204	212
220	212
148	212
276	212
212	213
214	213
205	213
221	213
149	213
277	213
213	214
215	214
206	214
222	214
150	214
278	214
214	215
207	215
223	215
151	215
279	215
217	216
208	216
224	216
152	216
280	216
216	217
218	217
209	217
225	217
153	217
281	217
217	218
219	218
210	218
226	218
154	218
282	218
218	219
220	219
211	219
227	219
155	219
283	219
219	220
221	220
212	220
228	220
156	220
284	220
220	221
222	221
213	221
229	221
157	221
285	221
221	222
223	222
214	222
230	222
158	222
286	222
222	223
215	223
231	223
159	223
287	223
225	224
216	224
232	224
160	224
288	224
224	225
226	225
217	225
233	225
161	225
289	225
225	226
227	226
218	226
234	226
162	226
290	226
226	227
228	227
219	227
235	227
163	227
291	227
227	228
229	228
220	228
236	228
164	228
292	228
228	229
230	229
221	229
237	229
165	229
293	229
229	230
231	230
222	230
238	230
166	230
294	230
230	231
223	231
239	231
167	231
295	231
233	232
224	232
240	232
168	232
296	232
232	233
234	233
225	233
241	233
169	233
297	233
233	234
235	234
226	234
242	234
170	234
298	234
234	235
236	235
227	235
243	235
171	235
299	235
235	236
237	236
228	236
244	236
172	236
300	236
236	237
238	237
229	237
245	237
173	237
301	237
237	238
239	238
230	238
246	238
174	238
302	238
238	239
231	239
247	239
175	239
303	239
241	240
232	240
248	240
176	240
304	240
240	241
242	241
233	241
249	241
177	241
305	241
241	242
243	242
234	242
250	242
178	242
306	242
242	243
244	243
235	243
251	243
179	243
307	243
243	244
245	244
236	244
252	244
180	244
308	244
244	245
246	245
237	245
253	245
181	245
309	245
245	246
247	246
238	246
254	246
182	246
310	246
246	247
239	247
255	247
183	247
311	247
249	248
240	248
184	248
312	248
248	249
250	249
241	249
185	249
313	249
249	250
251	250
242	250
186	250
314	250
250	251
252	251
243	251
187	251
315	251
251	252
253	252
244	252
188	252
316	252
252	253
254	253
245	253
189	253
317	253
253	254
255	254
246	254
190	254
318	254
254	255
247	255
191	255
319	255
257	256
264	256
192	256
320	256
256	257
258	257
265	257
193	257
321	257
257	258
259	258
266	258
194	258
322	258
258	259
260	259
267	259
195	259
323	259
259	260
261	260
268	260
196	260
324	260
260	261
262	261
269	261
197	261
325	261
261	262
263	262
270	262
198	262
326	262
262	263
271	263
199	263
327	263
265	264
256	264
272	264
200	264
328	264
264	265
266	265
257	265
273	265
201	265
329	265
265	266
267	266
258	266
274	266
202	266
330	266
266	267
268	267
259	267
275	267
203	267
331	267
267	268
269	268
260	268
276	268
204	268
332	268
268	269
270	269
261	269
277	269
205	269
333	269
269	270
271	270
262	270
278	270
206	270
334	270
270	271
263	271
279	271
207	271
335	271
273	272
264	272
280	272
208	272
336	272
272	273
274	273
265	273
281	273
209	273
337	273
273	274
275	274
266	274
282	274
210	274
338	274
274	275
276	275
267	275
283	275
211	275
339	275
275	276
277	276
268	276
284	276
212	276
340	276
276	277
278	277
269	277
285	277
213	277
341	277
277	278
279	278
270	278
286	278
214	278
342	278
278	279
271	279
287	279
215	279
343	279
281	280
272	280
288	280
216	280
344	280
280	281
282	281
273	281
289	281
217	281
345	281
281	282
283	282
274	282
290	282
218	282
346	282
282	283
284	283
275	283
291	283
219	283
347	283
283	284
285	284
276	284
292	284
220	284
348	284
284	285
286	285
277	285
293	285
221	285
349	285
285	286
287	286
278	286
294	286
222	286
350	286
286	287
279	287
295	287
223	287
351	287
289	288
280	288
296	288
224	288
352	288
288	289
290	289
281	289
297	289
225	289
353	289
289	290
291	290
282	290
298	290
226	290
354	290
290	291
292	291
283	291
299	291
227	291
355	291
291	292
293	292
284	292
300	292
228	292
356	292
292	293
294	293
285	293
301	293
229	293
357	293
293	294
295	294
286	294
302	294
230	294
358	294
294	295
287	295
303	295
231	295
359	295
297	296
288	296
304	296
232	296
360	296
296	297
298	297
289	297
305	297
233	297
361	297
297	298
299	298
290	298
306	298
234	298
362	298
298	299
300	299
291	299
307	299
235	299
363	299
299	300
301	300
292	300
308	300
236	300
364	300
300	301
302	301
293	301
309	301
237	301
365	301
301	302
303	302
294	302
310	302
238	302
366	302
302	303
295	303
311	303
239	303
367	303
305	304
296	304
312	304
240	304
368	304
304	305
306	305
297	305
313	305
241	305
369	305
305	306
307	306
298	306
314	306
242	306
370	306
306	307
308	307
299	307
315	307
243	307
371	307
307	308
309	308
300	308
316	308
244	308
372	308
308	309
310	309
301	309
317	309
245	309
373	309
309	310
311	310
302	310
318	310
246	310
374	310
310	311
303	311
319	311
247	311
375	311
313	312
304	312
248	312
376	312
312	313
314	313
305	313
249	313
377	313
313	314
315	314
306	314
250	314
378	314
314	315
316	315
307	315
251	315
379	315
315	316
317	316
308	316
252	316
380	316
316	317
318	317
309	317
253	317
381	317
317	318
319	318
310	318
254	318
382	318
318	319
311	319
255	319
383	319
321	320
328	320
256	320
384	320
320	321
322	321
329	321
257	321
385	321
321	322
323	322
330	322
258	322
386	322
322	323
324	323
331	323
259	323
387	323
323	324
325	324
332	324
260	324
388	324
324	325
326	325
333	325
261	325
389	325
325	326
327	326
334	326
262	326
390	326
326	327
335	327
263	327
391	327
329	328
320	328
336	328
264	328
392	328
328	329
330	329
321	329
337	329
265	329
393	329
329	330
331	330
322	330
338	330
266	330
394	330
330	331
332	331
323	331
339	331
267	331
395	331
331	332
333	332
324	332
340	332
268	332
396	332
332	333
334	333
325	333
341	333
269	333
397	333
333	334
335	334
326	334
342	334
270	334
398	334
334	335
327	335
343	335
271	335
399	335
337	336
328	336
344	336
272	336
400	336
336	337
338	337
329	337
345	337
273	337
401	337
337	338
339	338
330	338
346	338
274	338
402	338
338	339
340	339
331	339
347	339
275	339
403	339
339	340
341	340
332	340
348	340
276	340
404	340
340	341
342	341
333	341
349	341
277	341
405	341
341	342
343	342
334	342
350	342
278	342
406	342
342	343
335	343
351	343
279	343
407	343
345	344
336	344
352	344
280	344
408	344
344	345
346	345
337	345
353	345
281	345
409	345
345	346
347	346
338	346
354	346
282	346
410	346
346	347
348	347
339	347
355	347
283	347
411	347
347	348
349	348
340	348
356	348
284	348
412	348
348	349
350	349
341	349
357	349
285	349
413	349
349	350
351	350
342	350
358	350
286	350
414	350
350	351
343	351
359	351
287	351
415	351
353	352
344	352
360	352
288	352
416	352
352	353
354	353
345	353
361	353
289	353
417	353
353	354
355	354
346	354
362	354
290	354
418	354
354	355
356	355
347	355
363	355
291	355
419	355
355	356
357	356
348	356
364	356
292	356
420	356
356	357
358	357
349	357
365	357
293	357
421	357
357	358
359	358
350	358
366	358
294	358
422	358
358	359
351	359
367	359
295	359
423	359
361	360
352	360
368	360
296	360
424	360
360	361
362	361
353	361
369	361
297	361
425	361
361	362
363	362
354	362
370	362
298	362
426	362
362	363
364	363
355	363
371	363
299	363
427	363
363	364
365	364
356	364
372	364
300	364
428	364
364	365
366	365
357	365
373	365
301	365
429	365
365	366
367	366
358	366
374	366
302	366
430	366
366	367
359	367
375	367
303	367
431	367
369	368
360	368
376	368
304	368
432	368
368	369
370	369
361	369
377	369
305	369
433	369
369	370
371	370
362	370
378	370
306	370
434	370
370	371
372	371
363	371
379	371
307	371
435	371
371	372
373	372
364	372
380	372
308	372
436	372
372	373
374	373
365	373
381	373
309	373
437	373
373	374
375	374
366	374
382	374
310	374
438	374
374	375
367	375
383	375
311	375
439	375
377	376
368	376
312	376
440	376
376	377
378	377
369	377
313	377
441	377
377	378
379	378
370	378
314	378
442	378
378	379
380	379
371	379
315	379
443	379
379	380
381	380
372	380
316	380
444	380
380	381
382	381
373	381
317	381
445	381
381	382
383	382
374	382
318	382
446	382
382	383
375	383
319	383
447	383
385	384
392	384
320	384
448	384
384	385
386	385
393	385
321	385
449	385
385	386
387	386
394	386
322	386
450	386
386	387
388	387
395	387
323	387
451	387
387	388
389	388
396	388
324	388
452	388
388	389
390	389
397	389
325	389
453	389
389	390
391	390
398	390
326	390
454	390
390	391
399	391
327	391
455	391
393	392
384	392
400	392
328	392
456	392
392	393
394	393
385	393
401	393
329	393
457	393
393	394
395	394
386	394
402	394
330	394
458	394
394	395
396	395
387	395
403	395
331	395
459	395
395	396
397	396
388	396
404	396
332	396
460	396
396	397
398	397
389	397
405	397
333	397
461	397
397	398
399	398
390	398
406	398
334	398
462	398
398	399
391	399
407	399
335	399
463	399
401	400
392	400
408	400
336	400
464	400
400	401
402	401
393	401
409	401
337	401
465	401
401	402
403	402
394	402
410	402
338	402
466	402
402	403
404	403
395	403
411	403
339	403
467	403
403	404
405	404
396	404
412	404
340	404
468	404
404	405
406	405
397	405
413	405
341	405
469	405
405	406
407	406
398	406
414	406
342	406
470	406
406	407
399	407
415	407
343	407
471	407
409	408
400	408
416	408
344	408
472	408
408	409
410	409
401	409
417	409
345	409
473	409
409	410
411	410
402	410
418	410
346	410
474	410
410	411
412	411
403	411
419	411
347	411
475	411
411	412
413	412
404	412
420	412
348	412
476	412
412	413
414	413
405	413
421	413
349	413
477	413
413	414
415	414
406	414
422	414
350	414
478	414
414	415
407	415
423	415
351	415
479	415
417	416
408	416
424	416
352	416
480	416
416	417
418	417
409	417
425	417
353	417
481	417
417	418
419	418
410	418
426	418
354	418
482	418
418	419
420	419
411	419
427	419
355	419
483	419
419	420
421	420
412	420
428	420
356	420
484	420
420	421
422	421
413	421
429	421
357	421
485	421
421	422
423	422
414	422
430	422
358	422
486	422
422	423
415	423
431	423
359	423
487	423
425	424
416	424
432	424
360	424
488	424
424	425
426	425
417	425
433	425
361	425
489	425
425	426
427	426
418	426
434	426
362	426
490	426
426	427
428	427
419	427
435	427
363	427
491	427
427	428
429	428
420	428
436	428
364	428
492	428
428	429
430	429
421	429
437	429
365	429
493	429
429	430
431	430
422	430
438	430
366	430
494	430
430	431
423	431
439	431
367	431
495	431
433	432
424	432
440	432
368	432
496	432
432	433
434	433
425	433
441	433
369	433
497	433
433	434
435	434
426	434
442	434
370	434
498	434
434	435
436	435
427	435
443	435
371	435
499	435
435	436
437	436
428	436
444	436
372	436
500	436
436	437
438	437
429	437
445	437
373	437
501	437
437	438
439	438
430	438
446	438
374	438
502	438
438	439
431	439
447	439
375	439
503	439
441	440
432	440
376	440
504	440
440	441
442	441
433	441
377	441
505	441
441	442
443	442
434	442
378	442
506	442
442	443
444	443
435	443
379	443
507	443
443	444
445	444
436	444
380	444
508	444
444	445
446	445
437	445
381	445
509	445
445	446
447	446
438	446
382	446
510	446
446	447
439	447
383	447
511	447
449	448
456	448
384	448
448	449
450	449
457	449
385	449
449	450
451	450
458	450
386	450
450	451
452	451
459	451
387	451
451	452
453	452
460	452
388	452
452	453
454	453
461	453
389	453
453	454
455	454
462	454
390	454
454	455
463	455
391	455
457	456
448	456
464	456
392	456
456	457
458	457
449	457
465	457
393	457
457	458
459	458
450	458
466	458
394	458
458	459
460	459
451	459
467	459
395	459
459	460
461	460
452	460
468	460
396	460
460	461
462	461
453	461
469	461
397	461
461	462
463	462
454	462
470	462
398	462
462	463
455	463
471	463
399	463
465	464
456	464
472	464
400	464
464	465
466	465
457	465
473	465
401	465
465	466
467	466
458	466
474	466
402	466
466	467
468	467
459	467
475	467
403	467
467	468
469	468
460	468
476	468
404	468
468	469
470	469
461	469
477	469
405	469
469	470
471	470
462	470
478	470
406	470
470	471
463	471
479	471
407	471
473	472
464	472
480	472
408	472
472	473
474	473
465	473
481	473
409	473
473	474
475	474
466	474
482	474
410	474
474	475
476	475
467	475
483	475
411	475
475	476
477	476
468	476
484	476
412	476
476	477
478	477
469	477
485	477
413	477
477	478
479	478
470	478
486	478
414	478
478	479
471	479
487	479
415	479
481	480
472	480
488	480
416	480
480	481
482	481
473	481
489	481
417	481
481	482
483	482
474	482
490	482
418	482
482	483
484	483
475	483
491	483
419	483
483	484
485	484
476	484
492	484
420	484
484	485
486	485
477	485
493	485
421	485
485	486
487	486
478	486
494	486
422	486
486	487
479	487
495	487
423	487
489	488
480	488
496	488
424	488
488	489
490	489
481	489
497	489
425	489
489	490
491	490
482	490
498	490
426	490
490	491
492	491
483	491
499	491
427	491
491	492
493	492
484	492
500	492
428	492
492	493
494	493
485	493
501	493
429	493
493	494
495	494
486	494
502	494
430	494
494	495
487	495
503	495
431	495
497	496
488	496
504	496
432	496
496	497
498	497
489	497
505	497
433	497
497	498
499	498
490	498
506	498
434	498
498	499
500	499
491	499
507	499
435	499
499	500
501	500
492	500
508	500
436	500
500	501
502	501
493	501
509	501
437	501
501	502
503	502
494	502
510	502
438	502
502	503
495	503
511	503
439	503
505	504
496	504
440	504
504	505
506	505
497	505
441	505
505	506
507	506
498	506
442	506
506	507
508	507
499	507
443	507
507	508
509	508
500	508
444	508
508	509
510	509
501	509
445	509
509	510
511	510
502	510
446	510
510	511
503	511
447	511
