1	0
4	0
16	0
0	1
2	1
5	1
17	1
1	2
3	2
6	2
18	2
2	3
7	3
19	3
5	4
0	4
8	4
20	4
4	5
6	5
1	5
9	5
21	5
5	6
7	6
2	6
10	6
22	6
6	7
3	7
11	7
23	7
9	8
4	8
12	8
24	8
8	9
10	9
5	9
13	9
25	9
9	10
11	10
6	10
14	10
26	10
10	11
7	11
15	11
27	11
13	12
8	12
28	12
12	13
14	13
9	13
29	13
13	14
15	14
10	14
30	14
14	15
11	15
31	15
17	16
20	16
0	16
32	16
16	17
18	17
21	17
1	17
33	17
17	18
19	18
22	18
2	18
34	18
18	19
23	19
3	19
35	19
21	20
16	20
24	20
4	20
36	20
20	21
22	21
17	21
25	21
5	21
37	21
21	22
23	22
18	22
26	22
6	22
38	22
22	23
19	23
27	23
7	23
39	23
25	24
20	24
28	24
8	24
40	24
24	25
26	25
21	25
29	25
9	25
41	25
25	26
27	26
22	26
30	26
10	26
42	26
26	27
23	27
31	27
11	27
43	27
29	28
24	28
12	28
44	28
28	29
30	29
25	29
13	29
45	29
29	30
31	30
26	30
14	30
46	30
30	31
27	31
15	31
47	31
33	32
36	32
16	32
48	32
32	33
34	33
37	33
17	33
49	33
33	34
35	34
38	34
18	34
50	34
34	35
39	35
19	35
51	35
37	36
32	36
40	36
20	36
52	36
36	37
38	37
33	37
41	37
21	37
53	37
37	38
39	38
34	38
42	38
22	38
54	38
38	39
35	39
43	39
23	39
55	39
41	40
36	40
44	40
24	40
56	40
40	41
42	41
37	41
45	41
25	41
57	41
41	42
43	42
38	42
46	42
26	42
58	42
42	43
39	43
47	43
27	43
59	43
45	44
40	44
28	44
60	44
44	45
46	45
41	45
29	45
61	45
45	46
47	46
42	46
30	46
62	46
46	47
43	47
31	47
63	47
49	48
52	48
32	48
48	49
50	49
53	49
33	49
49	50
51	50
54	50
34	50
50	51
55	51
35	51
53	52
48	52
56	52
36	52
52	53
54	53
49	53
57	53
37	53
53	54
55	54
50	54
58	54
38	54
54	55
51	55
59	55
39	55
57	56
52	56
60	56
40	56
56	57
58	57
53	57
61	57
41	57
57	58
59	58
54	58
62	58
42	58
58	59
55	59
63	59
43	59
61	60
56	60
44	60
60	61
62	61
57	61
45	61
61	62
63	62
58	62
46	62
62	63
59	63
47	63
